3,4,5 
 5,12,13 
 6,8,10 
 7,24,25 
 8,15,17 
 9,12,15 
 9,40,41 
 10,24,26 
 11,60,61 
 12,16,20 
 12,35,37 
 13,84,85 
 14,48,50 
 15,20,25 
 15,36,39 
 15,112,113 
 16,30,34 
 16,63,65 
 18,24,30 
 18,80,82 
 20,21,29 
 20,48,52 
 20,99,101 
 21,28,35 
 21,72,75 
 22,120,122 
 24,32,40 
 24,45,51 
 24,70,74 
 25,60,65 
 27,36,45 
 27,120,123 
 28,45,53 
 28,96,100 
 30,40,50 
 30,72,78 
 32,60,68 
 32,126,130 
 33,44,55 
 33,56,65 
 35,84,91 
 35,120,125 
 36,48,60 
 36,77,85 
 36,105,111 
 39,52,65 
 39,80,89 
 40,42,58 
 40,75,85 
 40,96,104 
 42,56,70 
 44,117,125 
 45,60,75 
 45,108,117 
 48,55,73 
 48,64,80 
 48,90,102 
 48,140,148 
 50,120,130 
 51,68,85 
 51,140,149 
 54,72,90 
 55,132,143 
 56,90,106 
 56,105,119 
 57,76,95 
 60,63,87 
 60,80,100 
 60,91,109 
 60,144,156 
 63,84,105 
 64,120,136 
 65,72,97 
 65,156,169 
 66,88,110 
 66,112,130 
 69,92,115 
 70,168,182 
 72,96,120 
 72,135,153 
 72,154,170 
 75,100,125 
 78,104,130 
 78,160,178 
 80,84,116 
 80,150,170 
 81,108,135 
 84,112,140 
 84,135,159 
 85,132,157 
 87,116,145 
 88,105,137 
 88,165,187 
 90,120,150 
 93,124,155 
 95,168,193 
 96,110,146 
 96,128,160 
 96,180,204 
 99,132,165 
 99,168,195 
 100,105,145 
 102,136,170 
 104,153,185 
 104,195,221 
 105,140,175 
 108,144,180 
 111,148,185 
 112,180,212 
 112,210,238 
 114,152,190 
 117,156,195 
 119,120,169 
 120,126,174 
 120,160,200 
 120,182,218 
 120,209,241 
 123,164,205 
 126,168,210 
 129,172,215 
 130,144,194 
 132,176,220 
 132,224,260 
 133,156,205 
 135,180,225 
 138,184,230 
 140,147,203 
 140,171,221 
 140,225,265 
 141,188,235 
 144,165,219 
 144,192,240 
 147,196,245 
 150,200,250 
 153,204,255 
 156,208,260 
 159,212,265 
 160,168,232 
 160,231,281 
 161,240,289 
 162,216,270 
 165,220,275 
 168,224,280 
 170,264,314 
 171,228,285 
 174,232,290 
 176,210,274 
 177,236,295 
 180,189,261 
 180,240,300 
 180,273,327 
 183,244,305 
 186,248,310 
 189,252,315 
 192,220,292 
 192,256,320 
 195,216,291 
 195,260,325 
 198,264,330 
 200,210,290 
 201,268,335 
 204,253,325 
 204,272,340 
 207,224,305 
 207,276,345 
 208,306,370 
 210,280,350 
 213,284,355 
 216,288,360 
 219,292,365 
 220,231,319 
 222,296,370 
 225,272,353 
 225,300,375 
 228,304,380 
 228,325,397 
 231,308,385 
 234,312,390 
 237,316,395 
 238,240,338 
 240,252,348 
 240,275,365 
 240,320,400 
 243,324,405 
 246,328,410 
 249,332,415 
 252,275,373 
 252,336,420 
 255,340,425 
 258,344,430 
 260,273,377 
 260,288,388 
 261,348,435 
 264,315,411 
 264,352,440 
 266,312,410 
 267,356,445 
 270,360,450 
 273,364,455 
 276,368,460 
 279,372,465 
 280,294,406 
 280,342,442 
 280,351,449 
 282,376,470 
 285,380,475 
 288,330,438 
 288,384,480 
 291,388,485 
 294,392,490 
 297,304,425 
 297,396,495 
 300,315,435 
 319,360,481 
 320,336,464 
 325,360,485 
 336,377,505 
 336,385,511 
 340,357,493 
 341,420,541 
 352,420,548 
 357,360,507 
 360,378,522 
 368,465,593 
 380,399,551 
 384,440,584 
 390,432,582 
 396,403,565 
 399,468,615 
 400,420,580 
 408,506,650 
 414,448,610 
 420,441,609 
 420,513,663 
 429,460,629 
 432,495,657 
 440,462,638 
 440,525,685 
 450,544,706 
 455,504,679 
 455,528,697 
 460,483,667 
 476,480,676 
 480,504,696 
 480,550,730 
 500,525,725 
 504,550,746 
 520,546,754 
 520,576,776 
 528,605,803 
 532,624,820 
 540,567,783 
 540,629,829 
 555,572,797 
 560,588,812 
 576,660,876 
 580,609,841 
 585,648,873 
 594,608,850 
 595,600,845 
 600,630,870 
 616,663,905 
 620,651,899 
 621,672,915 
 624,715,949 
 638,720,962 
 640,672,928 
 650,720,970 
 660,693,957 
 672,754,1010 
 672,770,1022 
 680,714,986 
 696,697,985 
 700,735,1015 
 714,720,1014 
 715,792,1067 
 720,756,1044 
 731,780,1069 
 740,777,1073 
 744,817,1105 
 756,825,1119 
 760,798,1102 
 780,819,1131 
 780,864,1164 
 792,806,1130 
 800,840,1160 
 820,861,1189 
 828,896,1220 
 832,855,1193 
 833,840,1183 
 840,882,1218 
 845,936,1261 
 858,920,1258 
 860,903,1247 
 880,924,1276 
 891,912,1275 
 893,924,1285 
 900,945,1305 
 910,1008,1358 
 920,966,1334 
 931,1020,1381 
 940,987,1363 
 952,960,1352 
 960,1008,1392 
 980,1029,1421 
 1000,1050,1450 
 1008,1100,1492 
 1020,1071,1479 
 1035,1120,1525 
 1040,1092,1508 
 1060,1113,1537 
 1071,1080,1521 
 1080,1134,1566 
 1100,1155,1595 
 1110,1144,1594 
 1113,1184,1625 
 1120,1176,1624 
 1140,1197,1653 
 1140,1219,1669 
 1160,1218,1682 
 1180,1239,1711 
 1188,1209,1695 
 1188,1216,1700 
 1190,1200,1690 
 1200,1260,1740 
 1220,1281,1769 
 1232,1326,1810 
 1240,1302,1798 
 1248,1265,1777 
 1260,1323,1827 
 1280,1344,1856 
 1287,1380,1887 
 1300,1365,1885 
 1309,1320,1859 
 1311,1360,1889 
 1320,1386,1914 
 1340,1407,1943 
 1360,1428,1972 
 1380,1449,2001 
 1392,1394,1970 
 1400,1470,2030 
 1420,1491,2059 
 1428,1440,2028 
 1428,1475,2053 
 1440,1512,2088 
 1460,1533,2117 
 1462,1560,2138 
 1480,1554,2146 
 1485,1520,2125 
 1500,1575,2175 
 1520,1596,2204 
 1525,1548,2173 
 1540,1617,2233 
 1547,1560,2197 
 1560,1638,2262 
 1575,1672,2297 
 1580,1659,2291 
 1584,1612,2260 
 1600,1680,2320 
 1620,1701,2349 
 1640,1722,2378 
 1660,1743,2407 
 1664,1710,2386 
 1665,1716,2391 
 1666,1680,2366 
 1680,1764,2436 
 1700,1785,2465 
 1720,1806,2494 
 1740,1827,2523 
 1748,1755,2477 
 1760,1848,2552 
 1780,1869,2581 
 1782,1824,2550 
 1785,1800,2535 
 1786,1848,2570 
 1800,1890,2610 
 1809,1880,2609 
 1820,1911,2639 
 1840,1932,2668 
 1860,1953,2697 
 1880,1974,2726 
 1900,1995,2755 
 1904,1920,2704 
 1920,2016,2784 
 1940,2037,2813 
 1960,2001,2801 
 1960,2058,2842 
 1980,2015,2825 
 1980,2079,2871 
 2023,2040,2873 
 2059,2100,2941 
 2079,2128,2975 
 2088,2091,2955 
 2142,2160,3042 
 2184,2263,3145 
 2220,2288,3188 
 2261,2280,3211 
 2325,2332,3293 
 2376,2418,3390 
 2376,2432,3400 
 2380,2400,3380 
 2387,2484,3445 
 2496,2530,3554 
 2496,2565,3579 
 2499,2520,3549 
 2576,2607,3665 
 2618,2640,3718 
 2622,2720,3778 
 2673,2736,3825 
 2679,2772,3855 
 2737,2760,3887 
 2772,2821,3955 
 2775,2860,3985 
 2784,2788,3940 
 2832,2905,4057 
 2856,2880,4056 
 2856,2950,4106 
 2970,3040,4250 
 2975,3000,4225 
 3050,3096,4346 
 3094,3120,4394 
 3168,3224,4520 
 3213,3240,4563 
 3267,3344,4675 
 3276,3293,4645 
 3328,3420,4772 
 3332,3360,4732 
 3367,3456,4825 
 3451,3480,4901 
 3480,3485,4925 
 3496,3510,4954 
 3564,3627,5085 
 3564,3648,5100 
 3570,3600,5070 
 3689,3720,5239 
 3705,3752,5273 
 3744,3795,5331 
 3808,3840,5408 
 3861,3952,5525 
 3920,4002,5602 
 3927,3960,5577 
 3960,4030,5650 
 4046,4080,5746 
 4059,4060,5741 
 4118,4200,5882 
 4158,4256,5950 
 4165,4200,5915 
 4176,4182,5910 
 4284,4320,6084 
 4356,4433,6215 
 4380,4429,6229 
 4403,4440,6253 
 4515,4588,6437 
 4522,4560,6422 
 4575,4644,6519 
 4641,4680,6591 
 4650,4664,6586 
 4752,4836,6780 
 4760,4800,6760 
 4872,4879,6895 
 4879,4920,6929 
 4905,4928,6953 
 4992,5060,7108 
 4998,5040,7098 
 5117,5160,7267 
 5148,5239,7345 
 5152,5214,7330 
 5236,5280,7436 
 5244,5265,7431 
 5280,5311,7489 
 5355,5400,7605 
 5474,5520,7774 
 5544,5642,7910 
 5568,5576,7880 
 5593,5640,7943 
 5644,5733,8045 
 5712,5760,8112 
 5831,5880,8281 
 5950,6000,8450 
 6069,6120,8619 
 6100,6192,8692 
 6188,6240,8788 
 6240,6325,8885 
 6264,6273,8865 
 6307,6360,8957 
 6426,6480,9126 
 6545,6600,9295 
 6552,6586,9290 
 6660,6731,9469 
 6664,6720,9464 
 6783,6840,9633 
 6837,6916,9725 
 6902,6960,9802 
 6960,6970,9850 
 6975,6996,9879 
 6992,7020,9908 
 7021,7080,9971 
 7140,7200,10140 
 7259,7320,10309 
 7315,7332,10357 
 7378,7440,10478 
 7410,7504,10546 
 7497,7560,10647 
 7616,7680,10816 
 7656,7667,10835 
 7728,7821,10995 
 7735,7800,10985 
 7760,7809,11009 
 7854,7920,11154 
 7973,8040,11323 
 8092,8160,11492 
 8118,8120,11482 
 8211,8280,11661 
 8330,8400,11830 
 8352,8364,11820 
 8437,8484,11965 
 8449,8520,11999 
 8568,8640,12168 
 8687,8760,12337 
 8740,8775,12385 
 8760,8858,12458 
 8806,8880,12506 
 8925,9000,12675 
 8944,8967,12665 
 9044,9120,12844 
 9048,9061,12805 
 9163,9240,13013 
 9282,9360,13182 
 9300,9328,13172 
 9401,9480,13351 
 9416,9513,13385 
 9520,9600,13520 
 9639,9720,13689 
 9744,9758,13790 
 9758,9840,13858 
 9810,9856,13906 
 9828,9879,13935 
 9877,9960,14027 
 9996,10080,14196 
 10115,10200,14365 
 10205,10212,14437 
 10234,10320,14534 
 10353,10440,14703 
 10440,10455,14775 
 10472,10560,14872 
 10488,10530,14862 
 10560,10622,14978 
 10591,10680,15041 
 10710,10800,15210 
 10716,10787,15205 
 10829,10920,15379 
 10948,11040,15548 
 11067,11160,15717 
 11136,11152,15760 
 11186,11280,15886 
 11305,11400,16055 
 11424,11520,16224 
 11523,11564,16325 
 11543,11640,16393 
 11625,11660,16465 
 11662,11760,16562 
 11781,11880,16731 
 11832,11849,16745 
 12100,12141,17141 
 12177,12180,17223 
 12236,12285,17339 
 12528,12546,17730 
 12921,13000,18329 
 13104,13172,18580 
 13224,13243,18715 
 13568,13575,19193 
 13920,13940,19700 
 13950,13992,19758 
 13984,14040,19816 
 14148,14245,20077 
 14616,14637,20685 
 14630,14664,20714 
 14715,14784,20859 
 15089,15120,21361 
 15312,15334,21670 
 15520,15618,22018 
 15732,15795,22293 
 15840,15933,22467 
 16008,16031,22655 
 16236,16240,22964 
 16275,16324,23051 
 16380,16465,23225 
 16683,16756,23645 
 16704,16728,23640 
 16874,16968,23930 
 17400,17425,24625 
 17480,17550,24770 
 17888,17934,25330 
 18096,18122,25610 
 18600,18656,26344 
 18792,18819,26595 
 19135,19152,27073 
 19228,19305,27247 
 19488,19516,27580 
 19620,19712,27812 
 19840,19929,28121 
 20184,20213,28565 
 20295,20300,28705 
 20410,20424,28874 
 20880,20910,29550 
 20925,20988,29637 
 20976,21060,29724 
 21576,21607,30535 
 21708,21755,30733 
 21945,21996,31071 
 22272,22304,31520 
 22724,22815,32201 
 22968,23001,32505 
 23046,23128,32650 
 23250,23320,32930 
 23660,23661,33461 
 23664,23698,33490 
 24200,24282,34282 
 24354,24360,34446 
 24360,24395,34475 
 24472,24570,34678 
 25056,25092,35460 
 25575,25652,36223 
 25647,25696,36305 
 25752,25789,36445 
 26448,26486,37430 
 26492,26565,37517 
 26832,26901,37995 
 27136,27150,38386 
 27144,27183,38415 
 27840,27880,39400 
 27900,27984,39516 
 28413,28420,40187 
 28536,28577,40385 
 28644,28667,40525 
 29232,29274,41370 
 29260,29328,41428 
 29928,29971,42355 
 30178,30240,42722 
 30225,30316,42809 
 30615,30636,43311 
 30624,30668,43340 
 30849,30880,43649 
 31320,31365,44325 
 32016,32062,45310 
 32472,32480,45928 
 32550,32648,46102 
 32712,32759,46295 
 33111,33200,46889 
 33408,33456,47280 
 34104,34153,48265 
 34800,34850,49250 
 35496,35547,50235 
 35776,35868,50660 
 36192,36244,51220 
 36531,36540,51669 
 36575,36660,51785 
 36888,36941,52205 
 37584,37638,53190 
 38270,38304,54146 
 38280,38335,54175 
 38976,39032,55160 
 38989,39060,55189 
 39672,39729,56145 
 40040,40119,56681 
 40368,40426,57130 
 40590,40600,57410 
 40704,40725,57579 
 40820,40848,57748 
 41064,41123,58115 
 41760,41820,59100 
 42456,42517,60085 
 42676,42693,60365 
 43152,43214,61070 
 43416,43510,61466 
 43848,43911,62055 
 44544,44608,63040 
 44649,44660,63151 
 45240,45305,64025 
 45267,45360,64083 
 45347,45396,64165 
 45936,46002,65010 
 46632,46699,65995 
 47320,47322,66922 
 47328,47396,66980 
 48024,48093,67965 
 48708,48720,68892 
 48720,48790,68950 
 49288,49335,69737 
 49416,49487,69935 
 50112,50184,70920 
 50808,50881,71905 
 51025,51060,72185 
 51294,51392,72610 
 51504,51578,72890 
 52185,52208,73817 
 52200,52275,73875 
 52767,52780,74633 
 52896,52972,74860 
 53592,53669,75845 
 54272,54300,76772 
 54288,54366,76830 
 54984,55063,77815 
 55115,55212,78013 
 55680,55760,78800 
 56376,56457,79785 
 56826,56840,80374 
 57072,57154,80770 
 57288,57334,81050 
 57405,57456,81219 
 57768,57851,81755 
 58464,58548,82740 
 59160,59245,83725 
 59496,59503,84145 
 59856,59942,84710 
 60552,60639,85695 
 60885,60900,86115 
 61230,61272,86622 
 61248,61336,86680 
 61698,61760,87298 
 61944,62033,87665 
 62629,62700,88621 
 62640,62730,88650 
 63336,63427,89635 
 64032,64124,90620 
 64728,64821,91605 
 64944,64960,91856 
 65424,65518,92590 
 66120,66215,93575 
 66816,66912,94560 
 67260,67301,95149 
 67512,67609,95545 
 67840,67875,95965 
 68208,68306,96530 
 68904,69003,97515 
 69003,69020,97597 
 70623,70664,99905 
 70980,70983,100383 
 71435,71484,101059 
 73062,73080,103338 
 75500,75579,106829 
 76540,76608,108292 
 77121,77140,109079 
 79097,79104,111865 
 81180,81200,114820 
 81408,81450,115158 
 81640,81696,115496 
 82695,82792,117017 
 85239,85260,120561 
 85352,85386,120730 
 85932,86001,121575 
 88020,88051,124501 
 89298,89320,126302 
 90694,90792,128330 
 91845,91908,129933 
 92547,92640,130947 
 93357,93380,132043 
 94640,94644,133844 
 94976,95025,134351 
 95675,95760,135365 
 97412,97485,137813 
 97416,97440,137784 
 98576,98670,139474 
 101475,101500,143525 
 102050,102120,144370 
 104370,104416,147634 
 105534,105560,149266 
 108544,108600,153544 
 109593,109620,155007 
 111568,111585,157793 
 112255,112332,158807 
 113652,113680,160748 
 114576,114668,162100 
 115851,115940,163901 
 117711,117740,166489 
 118300,118305,167305 
 118992,119006,168290 
 121770,121800,172230 
 122112,122175,172737 
 122460,122544,173244 
 125829,125860,177971 
 126637,126684,179125 
 128028,128079,181095 
 129888,129920,183712 
 132665,132756,187681 
 133947,133980,189453 
 134520,134602,190298 
 135680,135750,191930 
 137903,137904,195025 
 138006,138040,195194 
 141246,141328,199810 
 141960,141966,200766 
 142065,142100,200935 
 142870,142968,202118 
 146124,146160,206676 
 149248,149325,211123 
 149600,149649,211601 
 150183,150220,212417 
 154242,154280,218158 
 154583,154656,218665 
 156555,156624,221451 
 158194,158208,223730 
 158301,158340,223899 
 162360,162400,229640 
 162816,162900,230316 
 165620,165627,234227 
 166419,166460,235381 
 167005,167028,236197 
 170478,170520,241122 
 170704,170772,241460 
 174537,174580,246863 
 176040,176102,249002 
 176384,176475,249509 
 178488,178509,252435 
 178596,178640,252604 
 179876,179907,254405 
 182655,182700,258345 
 186714,186760,264086 
 189280,189288,267688 
 189952,190050,268702 
 190773,190820,269827 
 193200,193289,273289 
 194832,194880,275568 
 198891,198940,281309 
 202950,203000,287050 
 207009,207060,292791 
 208740,208832,295268 
 211068,211120,298532 
 212940,212949,301149 
 213380,213465,301825 
 215127,215180,304273 
 219186,219240,310014 
 223136,223170,315586 
 223245,223300,315755 
 227304,227360,321496 
 227416,227487,321665 
 231363,231420,327237 
 233561,233640,330361 
 235422,235480,332978 
 236600,236610,334610 
 237291,237312,335595 
 237984,238012,336580 
 239481,239540,338719 
 243540,243600,344460 
 247599,247660,350201 
 248775,248792,351833 
 251658,251720,355942 
 253274,253368,358250 
 255717,255780,361683 
 259776,259840,367424 
 260260,260271,368071 
 263835,263900,373165 
 264060,264153,373503 
 264420,264469,373981 
 267894,267960,378906 
 271953,272020,384647 
 275806,275808,390050 
 276012,276080,390388 
 280071,280140,396129 
 283920,283932,401532 
 284130,284200,401870 
 287385,287432,406457 
 288189,288260,407611 
 292248,292320,413352 
 296307,296380,419093 
 297480,297515,420725 
 299200,299298,423202 
 300366,300440,424834 
 304212,304235,430237 
 304425,304500,430575 
 307580,307593,434993 
 308484,308560,436316 
 312543,312620,442057 
 316388,316416,447460 
 316602,316680,447798 
 320661,320740,453539 
 321468,321565,454693 
 324720,324800,459280 
 328779,328860,465021 
 331240,331254,468454 
 332838,332920,470762 
 334010,334056,472394 
 334704,334755,473379 
 336897,336980,476503 
 340956,341040,482244 
 345015,345100,487985 
 346785,346792,490433 
 349074,349160,493726 
 353133,353220,499467 
 354900,354915,501915 
 356976,357018,504870 
 357192,357280,505208 
 359752,359814,508810 
 361251,361340,510949 
 365200,365271,516521 
 365310,365400,516690 
 369369,369460,522431 
 373428,373520,528172 
 377487,377580,533913 
 378560,378576,535376 
 381546,381640,539654 
 385605,385700,545395 
 389664,389760,551136 
 392119,392160,554569 
 393723,393820,556877 
 395485,395520,559325 
 397782,397880,562618 
 401841,401940,568359 
 402220,402237,568837 
 411720,411761,582289 
 413709,413712,585075 
 416472,416521,589015 
 425880,425898,602298 
 440237,440316,622645 
 446272,446340,631172 
 449540,449559,635759 
 461028,461035,651997 
 473200,473220,669220 
 474582,474624,671190 
 475968,476024,673160 
 482216,482313,682025 
 496860,496881,702681 
 497550,497584,703666 
 501015,501084,708591 
 513093,513124,725645 
 520520,520542,736142 
 528840,528938,747962 
 535464,535527,757305 
 539628,539721,763215 
 544180,544203,769603 
 551612,551616,780100 
 553679,553728,783055 
 557840,557925,788965 
 567840,567864,803064 
 567935,568008,803233 
 574770,574864,812914 
 591500,591525,836525 
 594960,595030,841450 
 608424,608470,860474 
 615160,615186,869986 
 632776,632832,894920 
 638820,638847,903447 
 650307,650324,919685 
 654456,654533,925595 
 662480,662508,936908 
 668020,668112,944788 
 675444,675533,955285 
 686140,686169,970369 
 689515,689520,975125 
 693570,693584,980866 
 709800,709830,1003830 
 711873,711936,1006785 
 713952,714036,1009740 
 733460,733491,1037291 
 738208,738255,1044017 
 746325,746376,1055499 
 757120,757152,1070752 
 773448,773539,1093885 
 780780,780813,1104213 
 784238,784320,1109138 
 790970,791040,1118650 
 803760,803761,1136689 
 804440,804474,1137674 
 823440,823522,1164578 
 827418,827424,1170150 
 828100,828135,1171135 
 832944,833042,1178030 
 851760,851796,1204596 
 870067,870144,1230515 
 872051,872100,1233301 
 875420,875457,1238057 
 899080,899118,1271518 
 901152,901225,1274473 
 912636,912705,1290711 
 922056,922070,1303994 
 922740,922779,1304979 
 946400,946440,1338440 
 949164,949248,1342380 
 965321,965328,1365175 
 970060,970101,1371901 
 973432,973455,1376657 
 993720,993762,1405362 
 995100,995168,1407332 
 